<Mapple state file version 263>

<color>
	 foreground: 180 180 180
	 background: 255 255 255
</color>

<display>
	 cameraIsEdited: 0
	 gridIsDrawn: 0
	 axisIsDrawn: 0
	 FPSIsDisplayed: 1
</display>

<windowState>
	 state: 2
</windowState>

<camera>
	 type: PERSPECTIVE
	 zClippingCoefficient: 1.73205
	 zNearCoefficient: 0.005
	 sceneRadius: 48.731
	 orthoCoefficient: 0.0168418
	 fieldOfView: 0.785398
	 sceneCenter: 32.8155 98.333 3.555
	 position: 116.077 258.217 89.3223
	 orientation: 0.0200613 0.494277 0.796369 0.347971
	 wheelSens: 1
	 rotSens: 1
	 zoomSens: 1
	 spinSens: 100
	 transSens: 1
	 zoomsOnPivotPoint: 1
	 pivotPoint: 32.8155 98.333 3.555
	 rotatesAroundUpVector: 0
	 flySpeed: 0.48731
	 sceneUpVector: 0 1 0
</camera>

